01544 01542
01543 01542
01543 01542
01547 01544
01546 01544
01545 01544
01544 01542
01545 01542
01545 01544
01546 01545
01546 01542
01546 01544
01547 01546
01547 01545
01547 01542
01547 01544
01536 01534
01535 01534
01535 01534
01537 01536
01536 01534
01538 01537
01537 01534
01537 01536
01539 01538
01538 01534
01538 01536
01538 01537
01539 01534
01539 01536
01539 01537
01539 01538
01533 01532
01533 01532
01507 01473
01483 01473
01481 01473
01479 01473
01478 01473
01475 01473
01474 01473
01476 01474
01474 01473
01476 01473
01476 01474
01477 01475
01475 01473
01480 01477
01477 01473
01477 01475
01480 01473
01480 01475
01480 01477
01482 01478
01478 01473
01482 01473
01482 01478
01479 01478
01479 01473
01481 01473
01486 01483
01485 01483
01484 01483
01483 01473
01484 01473
01484 01483
01485 01473
01485 01483
01487 01486
01486 01473
01486 01483
01489 01487
01488 01487
01487 01473
01487 01483
01487 01486
01488 01473
01488 01483
01488 01486
01488 01487
01490 01489
01489 01473
01489 01483
01489 01486
01489 01487
01491 01490
01490 01473
01490 01483
01490 01486
01490 01487
01490 01489
01492 01491
01491 01473
01491 01483
01491 01486
01491 01487
01491 01489
01491 01490
01495 01492
01494 01492
01493 01492
01492 01473
01492 01483
01492 01486
01492 01487
01492 01489
01492 01490
01492 01491
01493 01473
01493 01483
01493 01486
01493 01487
01493 01489
01493 01490
01493 01491
01493 01492
01496 01494
01494 01473
01494 01483
01494 01486
01494 01487
01494 01489
01494 01490
01494 01491
01494 01492
01497 01496
01496 01473
01496 01483
01496 01486
01496 01487
01496 01489
01496 01490
01496 01491
01496 01492
01496 01494
01498 01497
01497 01473
01497 01483
01497 01486
01497 01487
01497 01489
01497 01490
01497 01491
01497 01492
01497 01494
01497 01496
01499 01498
01498 01473
01498 01483
01498 01486
01498 01487
01498 01489
01498 01490
01498 01491
01498 01492
01498 01494
01498 01496
01498 01497
01500 01499
01499 01473
01499 01483
01499 01486
01499 01487
01499 01489
01499 01490
01499 01491
01499 01492
01499 01494
01499 01496
01499 01497
01499 01498
01503 01500
01502 01500
01501 01500
01500 01473
01500 01483
01500 01486
01500 01487
01500 01489
01500 01490
01500 01491
01500 01492
01500 01494
01500 01496
01500 01497
01500 01498
01500 01499
01501 01473
01501 01483
01501 01486
01501 01487
01501 01489
01501 01490
01501 01491
01501 01492
01501 01494
01501 01496
01501 01497
01501 01498
01501 01499
01501 01500
01502 01473
01502 01483
01502 01486
01502 01487
01502 01489
01502 01490
01502 01491
01502 01492
01502 01494
01502 01496
01502 01497
01502 01498
01502 01499
01502 01500
01525 01503
01521 01503
01504 01503
01503 01473
01503 01483
01503 01486
01503 01487
01503 01489
01503 01490
01503 01491
01503 01492
01503 01494
01503 01496
01503 01497
01503 01498
01503 01499
01503 01500
01508 01504
01505 01504
01504 01473
01504 01483
01504 01486
01504 01487
01504 01489
01504 01490
01504 01491
01504 01492
01504 01494
01504 01496
01504 01497
01504 01498
01504 01499
01504 01500
01504 01503
01509 01505
01505 01473
01505 01483
01505 01486
01505 01487
01505 01489
01505 01490
01505 01491
01505 01492
01505 01494
01505 01496
01505 01497
01505 01498
01505 01499
01505 01500
01505 01503
01505 01504
01514 01509
01513 01509
01512 01509
01511 01509
01509 01473
01509 01483
01509 01486
01509 01487
01509 01489
01509 01490
01509 01491
01509 01492
01509 01494
01509 01496
01509 01497
01509 01498
01509 01499
01509 01500
01509 01503
01509 01504
01509 01505
01511 01473
01511 01483
01511 01486
01511 01487
01511 01489
01511 01490
01511 01491
01511 01492
01511 01494
01511 01496
01511 01497
01511 01498
01511 01499
01511 01500
01511 01503
01511 01504
01511 01505
01511 01509
01512 01511
01512 01473
01512 01483
01512 01486
01512 01487
01512 01489
01512 01490
01512 01491
01512 01492
01512 01494
01512 01496
01512 01497
01512 01498
01512 01499
01512 01500
01512 01503
01512 01504
01512 01509
01513 01512
01513 01511
01513 01473
01513 01483
01513 01486
01513 01487
01513 01489
01513 01490
01513 01491
01513 01492
01513 01494
01513 01496
01513 01497
01513 01498
01513 01499
01513 01500
01513 01503
01513 01505
01513 01509
01519 01514
01518 01514
01516 01514
01515 01514
01514 01513
01514 01512
01514 01511
01514 01473
01514 01483
01514 01486
01514 01487
01514 01489
01514 01490
01514 01491
01514 01492
01514 01494
01514 01496
01514 01497
01514 01498
01514 01499
01514 01503
01514 01504
01514 01505
01514 01509
01515 01512
01515 01511
01515 01473
01515 01483
01515 01486
01515 01487
01515 01489
01515 01490
01515 01491
01515 01492
01515 01494
01515 01496
01515 01497
01515 01498
01515 01499
01515 01503
01515 01504
01515 01505
01515 01509
01515 01513
01515 01514
01517 01516
01516 01515
01516 01512
01516 01511
01516 01473
01516 01483
01516 01486
01516 01487
01516 01489
01516 01490
01516 01491
01516 01492
01516 01494
01516 01496
01516 01497
01516 01498
01516 01499
01516 01503
01516 01505
01516 01509
01516 01513
01516 01514
01517 01516
01518 01513
01518 01489
01518 01490
01518 01491
01518 01492
01518 01494
01518 01496
01518 01497
01518 01498
01518 01499
01518 01503
01518 01504
01518 01505
01518 01509
01518 01514
01520 01519
01519 01518
01519 01513
01519 01489
01519 01490
01519 01491
01519 01492
01519 01494
01519 01496
01519 01497
01519 01498
01519 01499
01519 01503
01519 01504
01519 01505
01519 01509
01519 01514
01520 01513
01520 01489
01520 01490
01520 01491
01520 01492
01520 01494
01520 01496
01520 01497
01520 01498
01520 01499
01520 01503
01520 01504
01520 01505
01520 01509
01520 01514
01520 01518
01520 01519
01510 01508
01508 01473
01508 01483
01508 01486
01508 01487
01508 01489
01508 01490
01508 01491
01508 01492
01508 01494
01508 01496
01508 01497
01508 01498
01508 01499
01508 01500
01508 01503
01508 01504
01510 01473
01510 01483
01510 01486
01510 01487
01510 01489
01510 01490
01510 01491
01510 01492
01510 01494
01510 01496
01510 01497
01510 01498
01510 01499
01510 01500
01510 01503
01510 01504
01510 01508
01522 01521
01521 01473
01521 01483
01521 01486
01521 01487
01521 01489
01521 01490
01521 01491
01521 01492
01521 01494
01521 01496
01521 01497
01521 01498
01521 01499
01521 01500
01521 01503
01524 01522
01523 01522
01522 01473
01522 01483
01522 01486
01522 01487
01522 01489
01522 01490
01522 01491
01522 01492
01522 01494
01522 01496
01522 01497
01522 01498
01522 01499
01522 01500
01522 01503
01522 01521
01526 01523
01523 01473
01523 01483
01523 01486
01523 01487
01523 01489
01523 01490
01523 01491
01523 01492
01523 01494
01523 01496
01523 01497
01523 01498
01523 01499
01523 01500
01523 01503
01523 01521
01523 01522
01526 01473
01526 01483
01526 01486
01526 01487
01526 01489
01526 01490
01526 01491
01526 01492
01526 01494
01526 01496
01526 01497
01526 01498
01526 01499
01526 01500
01526 01503
01526 01521
01526 01522
01526 01523
01524 01473
01524 01483
01524 01486
01524 01487
01524 01489
01524 01490
01524 01491
01524 01492
01524 01494
01524 01496
01524 01497
01524 01498
01524 01499
01524 01500
01524 01503
01524 01521
01524 01522
01527 01525
01525 01521
01525 01473
01525 01483
01525 01486
01525 01487
01525 01489
01525 01490
01525 01491
01525 01492
01525 01494
01525 01496
01525 01497
01525 01498
01525 01499
01525 01500
01525 01503
01531 01527
01529 01527
01528 01527
01527 01473
01527 01483
01527 01486
01527 01487
01527 01489
01527 01490
01527 01491
01527 01492
01527 01494
01527 01496
01527 01497
01527 01498
01527 01499
01527 01500
01527 01503
01527 01521
01527 01525
01528 01473
01528 01487
01528 01489
01528 01490
01528 01491
01528 01492
01528 01494
01528 01496
01528 01497
01528 01498
01528 01499
01528 01500
01528 01503
01528 01521
01528 01525
01528 01527
01530 01529
01529 01473
01529 01489
01529 01490
01529 01491
01529 01492
01529 01494
01529 01496
01529 01497
01529 01498
01529 01499
01529 01500
01529 01503
01529 01521
01529 01525
01529 01527
01530 01473
01530 01489
01530 01490
01530 01491
01530 01492
01530 01494
01530 01496
01530 01497
01530 01498
01530 01499
01530 01500
01530 01503
01530 01521
01530 01525
01530 01527
01530 01529
01531 01473
01531 01483
01531 01486
01531 01487
01531 01489
01531 01490
01531 01491
01531 01492
01531 01494
01531 01496
01531 01497
01531 01498
01531 01499
01531 01500
01531 01503
01531 01521
01531 01525
01531 01527
01495 01473
01495 01483
01495 01486
01495 01487
01495 01489
01495 01490
01495 01491
01495 01492
01507 01473
01471 01469
01471 01469
01460 01455
01459 01455
01456 01455
01457 01456
01456 01455
01457 01455
01457 01456
01462 01459
01459 01456
01459 01455
01465 01462
01463 01462
01462 01456
01462 01455
01462 01459
01463 01456
01463 01455
01463 01459
01463 01462
01470 01465
01468 01465
01466 01465
01465 01463
01465 01456
01465 01455
01465 01459
01465 01462
01466 01463
01466 01456
01466 01455
01466 01459
01466 01462
01466 01465
01468 01466
01468 01463
01468 01456
01468 01455
01468 01459
01468 01462
01468 01465
01470 01466
01470 01463
01470 01456
01470 01455
01470 01459
01470 01462
01470 01465
01461 01460
01460 01459
01460 01456
01460 01455
01461 01456
01461 01455
01461 01459
01461 01460
01453 01451
01452 01451
01452 01451
01454 01453
01453 01451
01454 01451
01454 01453
01458 01416
01423 01416
01419 01416
01418 01416
01417 01416
01417 01416
01418 01417
01418 01416
01421 01419
01420 01419
01419 01416
01422 01420
01420 01416
01420 01419
01422 01416
01422 01419
01422 01420
01421 01416
01421 01419
01424 01423
01423 01416
01427 01424
01425 01424
01424 01416
01424 01423
01426 01425
01425 01416
01425 01423
01425 01424
01441 01426
01435 01426
01428 01426
01426 01416
01426 01423
01426 01424
01426 01425
01430 01428
01429 01428
01428 01416
01428 01423
01428 01424
01428 01425
01428 01426
01429 01416
01429 01423
01429 01424
01429 01425
01429 01426
01429 01428
01431 01430
01430 01416
01430 01423
01430 01424
01430 01425
01430 01426
01430 01428
01432 01431
01431 01416
01431 01423
01431 01424
01431 01425
01431 01426
01431 01428
01431 01430
01434 01432
01433 01432
01432 01416
01432 01423
01432 01424
01432 01425
01432 01426
01432 01428
01432 01430
01432 01431
01436 01433
01433 01416
01433 01423
01433 01424
01433 01425
01433 01426
01433 01428
01433 01430
01433 01431
01433 01432
01438 01436
01437 01436
01436 01416
01436 01423
01436 01424
01436 01425
01436 01426
01436 01428
01436 01430
01436 01431
01436 01432
01436 01433
01437 01416
01437 01423
01437 01424
01437 01425
01437 01426
01437 01428
01437 01430
01437 01431
01437 01432
01437 01433
01437 01436
01442 01438
01439 01438
01438 01416
01438 01423
01438 01424
01438 01425
01438 01426
01438 01428
01438 01430
01438 01431
01438 01432
01438 01433
01438 01436
01440 01439
01439 01416
01439 01424
01439 01425
01439 01426
01439 01428
01439 01430
01439 01431
01439 01432
01439 01433
01439 01436
01439 01438
01440 01416
01440 01424
01440 01425
01440 01426
01440 01428
01440 01430
01440 01431
01440 01432
01440 01433
01440 01436
01440 01438
01440 01439
01447 01442
01445 01442
01444 01442
01443 01442
01442 01439
01442 01416
01442 01424
01442 01425
01442 01426
01442 01428
01442 01430
01442 01431
01442 01432
01442 01433
01442 01436
01442 01438
01443 01416
01443 01424
01443 01425
01443 01426
01443 01428
01443 01430
01443 01431
01443 01432
01443 01433
01443 01436
01443 01438
01443 01439
01443 01442
01444 01443
01444 01416
01444 01424
01444 01425
01444 01426
01444 01428
01444 01430
01444 01431
01444 01432
01444 01433
01444 01436
01444 01438
01444 01439
01444 01442
01446 01445
01445 01439
01445 01425
01445 01426
01445 01428
01445 01430
01445 01431
01445 01432
01445 01433
01445 01436
01445 01442
01464 01446
01446 01439
01446 01425
01446 01426
01446 01428
01446 01430
01446 01431
01446 01432
01446 01433
01446 01436
01446 01442
01446 01445
01467 01464
01464 01439
01464 01428
01464 01430
01464 01431
01464 01432
01464 01433
01464 01436
01464 01442
01464 01446
01467 01439
01467 01428
01467 01430
01467 01431
01467 01432
01467 01433
01467 01436
01467 01442
01467 01446
01467 01464
01448 01447
01447 01445
01447 01439
01447 01425
01447 01426
01447 01428
01447 01430
01447 01431
01447 01432
01447 01433
01447 01436
01447 01442
01449 01448
01448 01445
01448 01425
01448 01426
01448 01428
01448 01430
01448 01431
01448 01432
01448 01433
01448 01436
01448 01447
01450 01449
01449 01445
01449 01425
01449 01426
01449 01428
01449 01430
01449 01431
01449 01432
01449 01433
01449 01436
01449 01447
01449 01448
01450 01445
01450 01425
01450 01426
01450 01428
01450 01430
01450 01431
01450 01432
01450 01433
01450 01436
01450 01447
01450 01448
01450 01449
01434 01433
01434 01416
01434 01423
01434 01424
01434 01425
01434 01426
01434 01428
01434 01430
01434 01431
01434 01432
01435 01416
01435 01423
01435 01424
01435 01425
01435 01426
01441 01416
01441 01423
01441 01424
01441 01425
01441 01426
01427 01425
01427 01416
01427 01423
01427 01424
01458 01416
01414 01413
01414 01413
01409 01408
01409 01408
01407 01406
01407 01406
01398 01397
01399 01398
01398 01397
01400 01399
01399 01397
01399 01398
01401 01400
01400 01397
01400 01398
01400 01399
01402 01401
01401 01397
01401 01398
01401 01399
01401 01400
01402 01397
01402 01398
01402 01399
01402 01400
01402 01401
01389 01387
01388 01387
01393 01388
01388 01387
01394 01393
01393 01387
01393 01388
01394 01387
01394 01388
01394 01393
01390 01389
01389 01388
01389 01387
01391 01390
01390 01388
01390 01387
01390 01389
01392 01391
01391 01388
01391 01387
01391 01389
01391 01390
01392 01388
01392 01387
01392 01389
01392 01390
01392 01391
01384 01383
01385 01384
01384 01383
01386 01385
01385 01383
01385 01384
01395 01386
01386 01383
01386 01384
01386 01385
01396 01395
01395 01383
01395 01384
01395 01385
01395 01386
01403 01396
01396 01383
01396 01384
01396 01385
01396 01386
01396 01395
01404 01403
01403 01383
01403 01384
01403 01385
01403 01386
01403 01395
01403 01396
01405 01404
01404 01383
01404 01384
01404 01385
01404 01386
01404 01395
01404 01396
01404 01403
01405 01383
01405 01384
01405 01385
01405 01386
01405 01395
01405 01396
01405 01403
01405 01404
01375 01374
01376 01375
01375 01374
01377 01376
01376 01375
01377 01376
01368 01367
01368 01367
01366 01365
01366 01365
01363 01362
01364 01363
01363 01362
01364 01362
01364 01363
01357 01355
01359 01357
01358 01357
01357 01355
01358 01355
01358 01357
01360 01359
01359 01358
01359 01355
01359 01357
01360 01355
01360 01357
01360 01358
01360 01359
01356 01353
01356 01353
01354 01352
01354 01352
01346 01345
01347 01346
01346 01345
01348 01347
01347 01345
01347 01346
01349 01348
01348 01345
01348 01346
01348 01347
01350 01349
01349 01345
01349 01346
01349 01347
01349 01348
01351 01350
01350 01345
01350 01346
01350 01347
01350 01348
01350 01349
01351 01345
01351 01346
01351 01347
01351 01348
01351 01349
01351 01350
01341 01339
01340 01339
01340 01339
01341 01339
01334 01331
01332 01331
01333 01332
01332 01331
01333 01331
01333 01332
01334 01331
01335 01330
01336 01335
01335 01330
01337 01336
01336 01330
01336 01335
01338 01337
01337 01330
01337 01335
01337 01336
01338 01330
01338 01335
01338 01336
01338 01337
01320 01319
01322 01320
01321 01320
01320 01319
01321 01319
01321 01320
01323 01322
01322 01319
01322 01320
01328 01323
01324 01323
01323 01319
01323 01320
01323 01322
01325 01324
01324 01319
01324 01320
01324 01322
01324 01323
01326 01325
01325 01319
01325 01320
01325 01322
01325 01323
01325 01324
01326 01319
01326 01320
01326 01322
01326 01323
01326 01324
01326 01325
01329 01328
01328 01319
01328 01320
01328 01322
01328 01323
01329 01319
01329 01320
01329 01322
01329 01323
01329 01328
01315 01313
01314 01313
01314 01313
01317 01315
01316 01315
01315 01313
01318 01316
01316 01313
01316 01315
01318 01313
01318 01315
01318 01316
01317 01316
01317 01313
01317 01315
01312 01311
01312 01311
01301 01300
01303 01301
01302 01301
01301 01300
01302 01300
01302 01301
01305 01303
01303 01302
01303 01300
01303 01301
01306 01305
01305 01302
01305 01300
01305 01301
01305 01303
01308 01306
01306 01302
01306 01300
01306 01301
01306 01303
01306 01305
01309 01308
01308 01302
01308 01300
01308 01301
01308 01303
01308 01305
01308 01306
01309 01302
01309 01300
01309 01301
01309 01303
01309 01305
01309 01306
01309 01308
01304 01299
01304 01299
01292 01291
01293 01292
01292 01291
01294 01293
01293 01291
01293 01292
01295 01294
01294 01291
01294 01292
01294 01293
01295 01291
01295 01292
01295 01293
01295 01294
01285 01284
01288 01285
01286 01285
01285 01284
01287 01286
01286 01284
01286 01285
01287 01286
01289 01288
01288 01285
01290 01289
01289 01285
01289 01288
01290 01285
01290 01288
01290 01289
01273 01272
01274 01273
01273 01272
01274 01272
01274 01273
01264 01263
01266 01264
01265 01264
01264 01263
01265 01263
01265 01264
01267 01266
01266 01263
01266 01264
01270 01267
01268 01267
01267 01263
01267 01264
01267 01266
01269 01268
01268 01263
01268 01264
01268 01266
01268 01267
01269 01263
01269 01264
01269 01266
01269 01267
01269 01268
01271 01270
01270 01263
01270 01264
01270 01266
01270 01267
01271 01263
01271 01264
01271 01266
01271 01267
01271 01270
01248 01247
01249 01248
01248 01247
01250 01249
01249 01247
01249 01248
01251 01250
01250 01247
01250 01248
01250 01249
01252 01251
01251 01247
01251 01248
01251 01249
01251 01250
01254 01252
01252 01247
01252 01248
01252 01249
01252 01250
01252 01251
01255 01254
01254 01247
01254 01248
01254 01249
01254 01250
01254 01251
01254 01252
01256 01255
01255 01247
01255 01248
01255 01249
01255 01250
01255 01251
01255 01252
01255 01254
01257 01256
01256 01247
01256 01248
01256 01249
01256 01250
01256 01251
01256 01252
01256 01254
01256 01255
01258 01257
01257 01247
01257 01248
01257 01249
01257 01250
01257 01251
01257 01252
01257 01254
01257 01255
01257 01256
01260 01258
01259 01258
01258 01247
01258 01248
01258 01249
01258 01250
01258 01251
01258 01252
01258 01254
01258 01255
01258 01256
01258 01257
01259 01247
01259 01248
01259 01249
01259 01250
01259 01251
01259 01252
01259 01254
01259 01255
01259 01256
01259 01257
01259 01258
01261 01260
01260 01247
01260 01249
01260 01250
01260 01251
01260 01252
01260 01254
01260 01255
01260 01256
01260 01257
01260 01258
01281 01261
01261 01247
01261 01249
01261 01250
01261 01251
01261 01252
01261 01254
01261 01255
01261 01256
01261 01257
01261 01258
01261 01260
01281 01247
01281 01249
01281 01250
01281 01251
01281 01252
01281 01254
01281 01255
01281 01256
01281 01257
01281 01258
01281 01260
01281 01261
01242 01241
01242 01241
01238 01234
01237 01234
01235 01234
01236 01235
01235 01234
01236 01234
01236 01235
01237 01234
01238 01234
01228 01225
01227 01225
01226 01225
01226 01225
01233 01227
01227 01225
01233 01225
01233 01227
01229 01228
01228 01225
01230 01229
01229 01225
01229 01228
01231 01230
01230 01225
01230 01228
01230 01229
01232 01231
01231 01225
01231 01228
01231 01229
01231 01230
01232 01225
01232 01228
01232 01229
01232 01230
01232 01231
01224 01222
01223 01222
01223 01222
01224 01222
01275 01246
01246 01243
01278 01275
01276 01275
01275 01243
01275 01246
01277 01276
01276 01243
01276 01246
01276 01275
01279 01277
01277 01243
01277 01246
01277 01275
01277 01276
01279 01243
01279 01246
01279 01275
01279 01276
01279 01277
01280 01278
01278 01243
01278 01246
01278 01275
01369 01280
01280 01243
01280 01246
01280 01275
01280 01278
01378 01369
01370 01369
01369 01243
01369 01246
01369 01275
01369 01278
01369 01280
01371 01370
01370 01243
01370 01246
01370 01275
01370 01278
01370 01280
01370 01369
01372 01371
01371 01243
01371 01246
01371 01275
01371 01278
01371 01280
01371 01369
01371 01370
01373 01372
01372 01243
01372 01246
01372 01275
01372 01278
01372 01280
01372 01369
01372 01370
01372 01371
01373 01243
01373 01246
01373 01275
01373 01278
01373 01280
01373 01369
01373 01370
01373 01371
01373 01372
01381 01378
01378 01243
01378 01246
01378 01275
01378 01278
01378 01280
01378 01369
01382 01381
01381 01243
01381 01246
01381 01275
01381 01278
01381 01280
01381 01369
01381 01378
01382 01243
01382 01246
01382 01275
01382 01278
01382 01280
01382 01369
01382 01378
01382 01381
01219 01218
01219 01218
01217 01216
01217 01216
01213 01211
01212 01211
01212 01211
01214 01213
01213 01211
01214 01211
01214 01213
01208 01207
01209 01208
01208 01207
01209 01207
01209 01208
01206 01205
01206 01205
01201 01200
01202 01201
01201 01200
01203 01202
01202 01200
01202 01201
01203 01200
01203 01201
01203 01202
01199 01195
01196 01195
01197 01196
01196 01195
01198 01197
01197 01195
01197 01196
01198 01195
01198 01196
01198 01197
01199 01195
01193 01192
01194 01193
01193 01192
01194 01192
01194 01193
01189 01188
01190 01189
01189 01188
01191 01190
01190 01188
01190 01189
01191 01188
01191 01189
01191 01190
01185 01184
01186 01185
01185 01184
01187 01186
01186 01184
01186 01185
01187 01184
01187 01185
01187 01186
01174 01173
01175 01174
01174 01173
01176 01175
01175 01173
01175 01174
01177 01176
01176 01173
01176 01174
01176 01175
01178 01177
01177 01173
01177 01174
01177 01175
01177 01176
01179 01178
01178 01173
01178 01174
01178 01175
01178 01176
01178 01177
01179 01173
01179 01174
01179 01175
01179 01176
01179 01177
01179 01178
01164 01163
01165 01164
01164 01163
01166 01165
01165 01163
01165 01164
01167 01166
01166 01163
01166 01164
01166 01165
01168 01167
01167 01163
01167 01164
01167 01165
01167 01166
01169 01168
01168 01163
01168 01164
01168 01165
01168 01166
01168 01167
01170 01169
01169 01163
01169 01164
01169 01165
01169 01166
01169 01167
01169 01168
01170 01163
01170 01164
01170 01165
01170 01166
01170 01167
01170 01168
01170 01169
01162 01160
01162 01160
01151 01150
01156 01151
01152 01151
01151 01150
01154 01152
01153 01152
01152 01150
01152 01151
01153 01150
01153 01151
01153 01152
01154 01150
01154 01151
01154 01152
01157 01156
01156 01151
01158 01157
01157 01156
01158 01156
01158 01157
01140 01138
01141 01140
01140 01138
01141 01138
01141 01140
01132 01131
01132 01131
01135 01134
01134 01131
01135 01131
01135 01134
01139 01137
01137 01131
01142 01139
01139 01131
01139 01137
01143 01142
01142 01131
01142 01137
01142 01139
01145 01143
01144 01143
01143 01131
01143 01137
01143 01139
01143 01142
01146 01144
01144 01131
01144 01137
01144 01139
01144 01142
01144 01143
01147 01146
01146 01131
01146 01137
01146 01139
01146 01142
01146 01143
01146 01144
01148 01147
01147 01131
01147 01137
01147 01139
01147 01142
01147 01143
01147 01144
01147 01146
01149 01148
01148 01131
01148 01137
01148 01139
01148 01142
01148 01143
01148 01144
01148 01146
01148 01147
01155 01149
01149 01131
01149 01137
01149 01139
01149 01142
01149 01143
01149 01144
01149 01146
01149 01147
01149 01148
01155 01131
01155 01137
01155 01139
01155 01142
01155 01143
01155 01144
01155 01146
01155 01147
01155 01148
01155 01149
01145 01131
01145 01137
01145 01139
01145 01142
01145 01143
01130 01129
01130 01129
01128 01127
01128 01127
01123 01120
01121 01120
01122 01121
01121 01120
01122 01120
01122 01121
01124 01123
01123 01120
01125 01124
01124 01120
01124 01123
01126 01125
01125 01120
01125 01123
01125 01124
01126 01120
01126 01123
01126 01124
01126 01125
01133 01119
01133 01119
01118 01117
01159 01118
01118 01117
01161 01159
01159 01117
01159 01118
01161 01117
01161 01118
01161 01159
01115 01114
01116 01115
01115 01114
01116 01114
01116 01115
01106 01104
01105 01104
01105 01104
01107 01106
01106 01104
01111 01107
01110 01107
01108 01107
01107 01104
01107 01106
01109 01108
01108 01104
01108 01106
01108 01107
01109 01104
01109 01106
01109 01107
01109 01108
01110 01104
01110 01106
01110 01107
01111 01104
01111 01106
01111 01107
01098 01097
01098 01097
01112 01095
01101 01095
01096 01095
01096 01095
01101 01095
01113 01112
01112 01095
01113 01095
01113 01112
01093 01092
01093 01092
01087 01086
01088 01087
01087 01086
01089 01088
01088 01086
01088 01087
01090 01089
01089 01086
01089 01087
01089 01088
01091 01090
01090 01089
01091 01089
01091 01090
01079 01078
01078 01077
01081 01079
01080 01079
01079 01077
01079 01078
01080 01077
01080 01078
01080 01079
01082 01081
01081 01077
01081 01078
01081 01079
01083 01082
01082 01077
01082 01078
01082 01079
01082 01081
01083 01077
01083 01078
01083 01079
01083 01081
01083 01082
01072 01071
01073 01072
01072 01071
01073 01071
01073 01072
01070 01069
01070 01069
01068 01067
01068 01067
01066 01065
01066 01065
01056 01054
01055 01054
01060 01055
01055 01054
01061 01060
01060 01054
01060 01055
01062 01061
01061 01054
01061 01055
01061 01060
01062 01054
01062 01055
01062 01060
01062 01061
01057 01056
01056 01054
01058 01057
01057 01054
01057 01056
01059 01058
01058 01054
01058 01056
01058 01057
01059 01054
01059 01056
01059 01057
01059 01058
01052 01051
01053 01052
01052 01051
01053 01051
01053 01052
01050 01049
01050 01049
01043 01042
01044 01043
01043 01042
01045 01044
01044 01042
01044 01043
01045 01042
01045 01043
01045 01044
01039 01038
01039 01038
01040 01037
01041 01040
01040 01037
01041 01037
01041 01040
01035 01032
01033 01032
01034 01033
01033 01032
01034 01032
01034 01033
01035 01032
01031 01030
01031 01030
01014 01012
01017 01014
01016 01014
01015 01014
01014 01012
01015 01012
01015 01014
01016 01012
01016 01014
01018 01017
01017 01012
01017 01014
01019 01018
01018 01012
01018 01014
01018 01017
01020 01019
01019 01012
01019 01014
01019 01017
01019 01018
01023 01020
01021 01020
01020 01012
01020 01014
01020 01017
01020 01018
01020 01019
01022 01021
01021 01012
01021 01014
01021 01017
01021 01018
01021 01019
01021 01020
01022 01012
01022 01014
01022 01017
01022 01018
01022 01019
01022 01020
01022 01021
01024 01023
01023 01012
01023 01014
01023 01017
01023 01018
01023 01019
01023 01020
01025 01024
01024 01012
01024 01014
01024 01017
01024 01018
01024 01019
01024 01020
01024 01023
01026 01025
01025 01012
01025 01014
01025 01017
01025 01018
01025 01019
01025 01020
01025 01023
01025 01024
01026 01012
01026 01014
01026 01017
01026 01018
01026 01019
01026 01020
01026 01023
01026 01024
01026 01025
01010 01009
01010 01009
01003 01002
01004 01003
01003 01002
01005 01004
01004 01002
01004 01003
01007 01005
01006 01005
01005 01002
01005 01003
01005 01004
01006 01002
01006 01003
01006 01004
01006 01005
01008 01007
01007 01002
01007 01003
01007 01004
01007 01005
01008 01002
01008 01003
01008 01004
01008 01005
01008 01007
00999 00998
01000 00999
00999 00998
01000 00998
01000 00999
00996 00995
00997 00996
00996 00995
00997 00995
00997 00996
00994 00992
00994 00992
00990 00989
00991 00990
00990 00989
00993 00991
00991 00989
00991 00990
00993 00989
00993 00990
00993 00991
00987 00983
00985 00983
00986 00985
00985 00983
00986 00983
00986 00985
00987 00983
00979 00978
00980 00979
00979 00978
00981 00980
00980 00978
00980 00979
00982 00981
00981 00978
00981 00979
00981 00980
00984 00982
00982 00978
00982 00979
00982 00980
00982 00981
00984 00978
00984 00979
00984 00980
00984 00981
00984 00982
00973 00972
00974 00973
00973 00972
00975 00974
00974 00972
00974 00973
00975 00972
00975 00973
00975 00974
00965 00964
00966 00965
00965 00964
00967 00966
00966 00964
00966 00965
00968 00967
00967 00964
00967 00965
00967 00966
00969 00968
00968 00964
00968 00965
00968 00966
00968 00967
00970 00969
00969 00964
00969 00965
00969 00966
00969 00967
00969 00968
00970 00964
00970 00965
00970 00966
00970 00967
00970 00968
00970 00969
00976 00961
00976 00961
00962 00959
00960 00959
00960 00959
00963 00962
00962 00959
00963 00959
00963 00962
00958 00957
00958 00957
00942 00941
00942 00941
00944 00943
00943 00941
00944 00941
00944 00943
00940 00934
00935 00934
00935 00934
00938 00937
00937 00934
00938 00934
00938 00937
00940 00934
00939 00936
00939 00936
00933 00932
00933 00932
00917 00916
00917 00916
00919 00918
00919 00918
00922 00920
00921 00920
00920 00918
00921 00918
00921 00920
00922 00918
00922 00920
00924 00923
00923 00918
00923 00920
00924 00918
00924 00920
00924 00923
00925 00918
00925 00920
00925 00923
00926 00918
00926 00920
00926 00923
00926 00925
00928 00927
00927 00918
00927 00920
00927 00923
00927 00925
00927 00926
00928 00918
00928 00920
00928 00923
00928 00925
00928 00926
00928 00927
00929 00920
00929 00923
00929 00925
00929 00926
00930 00920
00930 00923
00930 00925
00930 00926
00930 00929
00915 00914
00915 00914
00910 00909
00910 00909
00900 00899
00901 00900
00900 00899
00902 00901
00901 00899
00901 00900
00903 00902
00902 00899
00902 00900
00902 00901
00903 00899
00903 00900
00903 00901
00903 00902
00904 00898
00896 00895
00896 00895
00894 00893
00890 00889
00890 00889
00888 00887
00888 00887
00886 00885
00886 00885
00884 00883
00884 00883
00880 00879
00881 00880
00880 00879
00881 00879
00881 00880
00877 00876
00877 00876
00873 00872
00874 00873
00873 00872
00874 00872
00874 00873
00866 00865
00866 00865
00862 00861
00863 00862
00862 00861
00864 00863
00863 00861
00863 00862
00864 00861
00864 00862
00864 00863
00856 00853
00854 00853
00855 00854
00854 00853
00855 00853
00855 00854
00858 00856
00857 00856
00856 00853
00857 00853
00857 00856
00859 00858
00858 00853
00858 00856
00859 00853
00859 00856
00859 00858
00852 00851
00852 00851
00850 00849
00850 00849
00844 00843
00845 00844
00844 00843
00845 00843
00845 00844
00847 00846
00846 00843
00846 00844
00847 00843
00847 00844
00847 00846
00835 00833
00836 00835
00835 00833
00838 00836
00837 00836
00836 00833
00836 00835
00837 00833
00837 00835
00837 00836
00839 00838
00838 00833
00838 00835
00838 00836
00840 00839
00839 00833
00839 00835
00839 00836
00839 00838
00841 00840
00840 00833
00840 00835
00840 00836
00840 00838
00840 00839
00841 00833
00841 00835
00841 00836
00841 00838
00841 00839
00841 00840
00842 00832
00834 00832
00834 00832
00842 00832
00830 00829
00831 00830
00830 00829
00831 00829
00831 00830
00823 00822
00824 00823
00823 00822
00824 00822
00824 00823
00816 00815
00817 00816
00816 00815
00818 00817
00817 00815
00817 00816
00820 00818
00819 00818
00818 00815
00818 00816
00818 00817
00819 00815
00819 00816
00819 00817
00819 00818
00821 00820
00820 00815
00820 00816
00820 00817
00820 00818
00825 00821
00821 00815
00821 00816
00821 00817
00821 00818
00821 00820
00827 00825
00825 00815
00825 00816
00825 00817
00825 00818
00825 00820
00825 00821
00827 00815
00827 00816
00827 00817
00827 00818
00827 00820
00827 00821
00827 00825
00826 00814
00826 00814
00807 00806
00809 00807
00807 00806
00812 00809
00809 00806
00809 00807
00813 00812
00812 00806
00812 00807
00812 00809
00813 00806
00813 00807
00813 00809
00813 00812
00805 00804
00805 00804
00801 00800
00802 00801
00801 00800
00808 00802
00802 00800
00802 00801
00810 00808
00808 00800
00808 00801
00808 00802
00811 00810
00810 00800
00810 00801
00810 00802
00810 00808
00811 00800
00811 00801
00811 00802
00811 00808
00811 00810
00798 00797
00799 00798
00798 00797
00799 00798
00793 00791
00792 00791
00792 00791
00794 00793
00793 00791
00794 00791
00794 00793
00789 00788
00790 00789
00789 00788
00790 00788
00790 00789
00786 00785
00787 00786
00786 00785
00787 00785
00787 00786
00782 00781
00783 00782
00782 00781
00784 00783
00783 00781
00783 00782
00784 00781
00784 00782
00784 00783
00767 00766
00768 00767
00767 00766
00769 00768
00768 00766
00768 00767
00770 00769
00769 00766
00769 00767
00769 00768
00771 00770
00770 00766
00770 00767
00770 00768
00770 00769
00772 00771
00771 00766
00771 00767
00771 00768
00771 00769
00771 00770
00773 00772
00772 00766
00772 00767
00772 00768
00772 00769
00772 00770
00772 00771
00774 00773
00773 00766
00773 00767
00773 00768
00773 00769
00773 00770
00773 00771
00773 00772
00776 00774
00775 00774
00774 00766
00774 00767
00774 00768
00774 00769
00774 00770
00774 00771
00774 00772
00774 00773
00775 00766
00775 00767
00775 00768
00775 00769
00775 00770
00775 00771
00775 00772
00775 00773
00775 00774
00777 00776
00776 00766
00776 00767
00776 00768
00776 00769
00776 00770
00776 00771
00776 00772
00776 00773
00776 00774
00778 00777
00777 00766
00777 00767
00777 00768
00777 00769
00777 00770
00777 00771
00777 00772
00777 00773
00777 00774
00777 00776
00779 00778
00778 00766
00778 00767
00778 00768
00778 00769
00778 00770
00778 00771
00778 00772
00778 00773
00778 00774
00778 00776
00778 00777
00779 00766
00779 00767
00779 00768
00779 00769
00779 00770
00779 00771
00779 00772
00779 00773
00779 00774
00779 00776
00779 00777
00779 00778
00780 00765
00780 00765
00763 00758
00759 00758
00761 00759
00760 00759
00759 00758
00760 00758
00760 00759
00762 00761
00761 00758
00761 00759
00762 00758
00762 00759
00762 00761
00763 00758
00757 00755
00754 00753
00754 00753
00743 00742
00744 00743
00743 00742
00746 00744
00744 00742
00744 00743
00746 00742
00746 00743
00746 00744
00738 00732
00737 00732
00733 00732
00734 00733
00733 00732
00735 00734
00734 00732
00734 00733
00736 00735
00735 00732
00735 00733
00735 00734
00736 00732
00736 00733
00736 00734
00736 00735
00737 00732
00738 00732
00729 00728
00729 00728
00726 00725
00727 00726
00726 00725
00727 00725
00727 00726
00724 00723
00724 00723
00722 00720
00721 00720
00721 00720
00722 00720
00718 00717
00719 00718
00718 00717
00719 00717
00719 00718
00714 00713
00714 00713
00712 00711
00712 00711
00706 00705
00708 00706
00706 00705
00708 00705
00708 00706
00696 00694
00697 00696
00696 00694
00698 00697
00697 00694
00697 00696
00698 00694
00698 00696
00698 00697
00687 00686
00688 00687
00687 00686
00688 00686
00688 00687
00683 00682
00684 00683
00683 00682
00684 00682
00684 00683
00671 00670
00673 00671
00672 00671
00671 00670
00674 00672
00672 00670
00672 00671
00674 00670
00674 00671
00674 00672
00673 00670
00673 00671
00668 00667
00668 00667
00678 00666
00678 00666
00664 00663
00665 00664
00664 00663
00665 00663
00665 00664
00657 00656
00658 00657
00657 00656
00659 00658
00658 00656
00658 00657
00659 00656
00659 00657
00659 00658
00655 00654
00655 00654
00649 00648
00651 00649
00649 00648
00651 00648
00651 00649
00643 00642
00643 00642
00641 00639
00640 00639
00640 00639
00641 00639
00637 00636
00637 00636
00631 00630
00631 00630
00622 00621
00623 00622
00622 00621
00623 00622
00617 00616
00617 00616
00613 00612
00614 00613
00613 00612
00614 00612
00614 00613
00610 00609
00610 00609
00611 00608
00611 00608
00607 00606
00607 00606
00595 00594
00596 00595
00595 00594
00597 00596
00596 00594
00596 00595
00598 00597
00597 00596
00598 00596
00598 00597
00592 00591
00593 00592
00592 00591
00593 00592
00590 00589
00590 00589
00585 00584
00586 00585
00585 00584
00586 00584
00586 00585
00583 00576
00582 00576
00581 00576
00580 00576
00579 00576
00578 00576
00577 00576
00577 00576
00578 00576
00579 00576
00580 00576
00581 00576
00582 00576
00583 00576
00575 00574
00575 00574
00568 00567
00570 00568
00569 00568
00568 00567
00569 00568
00571 00570
00570 00568
00572 00571
00571 00570
00573 00572
00572 00571
00573 00572
00533 00532
00533 00532
00531 00530
00531 00530
00524 00523
00524 00523
00521 00520
00521 00520
00519 00518
00519 00518
00509 00508
00509 00508
00506 00505
00507 00506
00506 00505
00507 00506
00503 00502
00503 00502
00501 00499
00500 00499
00500 00499
00501 00499
00498 00497
00498 00497
00496 00495
00496 00495
00494 00492
00493 00492
00493 00492
00494 00492
00490 00489
00490 00489
00529 00528
00529 00528
00483 00482
00485 00483
00484 00483
00483 00482
00484 00483
00485 00483
00476 00475
00477 00476
00476 00475
00478 00477
00477 00476
00479 00478
00478 00477
00479 00478
00472 00471
00472 00471
00463 00462
00463 00462
00458 00456
00457 00456
00457 00456
00459 00458
00458 00456
00459 00456
00459 00458
00451 00450
00452 00451
00451 00450
00452 00450
00452 00451
00446 00445
00446 00445
00448 00444
00449 00448
00448 00444
00449 00444
00449 00448
00443 00441
00443 00441
00436 00435
00437 00436
00436 00435
00438 00437
00437 00435
00437 00436
00438 00437
00430 00429
00430 00429
00432 00431
00432 00431
00426 00425
00428 00426
00427 00426
00426 00425
00427 00425
00427 00426
00428 00425
00428 00426
00421 00419
00421 00419
00414 00412
00422 00414
00417 00414
00416 00414
00415 00414
00414 00412
00415 00412
00415 00414
00416 00412
00416 00414
00418 00417
00417 00412
00417 00414
00418 00417
00422 00412
00422 00414
00407 00406
00408 00407
00407 00406
00409 00408
00408 00406
00408 00407
00409 00408
00403 00402
00403 00402
00397 00396
00397 00396
00394 00393
00394 00393
00390 00389
00390 00389
00382 00380
00383 00382
00382 00380
00384 00383
00383 00382
00384 00383
00376 00375
00376 00375
00373 00372
00373 00372
00370 00369
00371 00370
00370 00369
00371 00370
00361 00360
00362 00361
00361 00360
00362 00361
00356 00355
00356 00355
00348 00346
00347 00346
00347 00346
00348 00346
00339 00338
00340 00339
00339 00338
00341 00340
00340 00339
00341 00340
00334 00332
00333 00332
00333 00332
00335 00334
00334 00332
00337 00335
00335 00334
00337 00335
00330 00329
00330 00329
00325 00322
00323 00322
00324 00323
00323 00322
00324 00323
00327 00325
00326 00325
00325 00322
00326 00325
00327 00325
00320 00319
00320 00319
00317 00316
00318 00317
00317 00316
00318 00316
00318 00317
00312 00311
00314 00312
00313 00312
00312 00311
00313 00312
00315 00314
00314 00312
00315 00312
00315 00314
00308 00307
00308 00307
00303 00300
00303 00300
00287 00286
00290 00287
00287 00286
00291 00290
00290 00286
00290 00287
00292 00291
00291 00286
00291 00287
00291 00290
00292 00286
00292 00287
00292 00290
00292 00291
00282 00280
00282 00280
00283 00281
00284 00283
00283 00281
00285 00284
00284 00283
00293 00285
00285 00284
00294 00293
00293 00285
00295 00294
00294 00293
00296 00295
00295 00294
00297 00296
00296 00295
00297 00296
00279 00278
00279 00278
00272 00271
00272 00271
00273 00269
00273 00269
00264 00263
00265 00264
00264 00263
00266 00265
00265 00264
00266 00265
00257 00256
00257 00256
00259 00258
00259 00258
00251 00250
00252 00251
00251 00250
00252 00251
00247 00246
00247 00246
00244 00243
00245 00244
00244 00243
00245 00244
00239 00238
00242 00239
00239 00238
00249 00242
00242 00239
00249 00242
00237 00235
00237 00235
00233 00232
00233 00232
00228 00224
00228 00224
00221 00220
00221 00220
00223 00222
00223 00222
00211 00210
00211 00210
00208 00207
00213 00208
00208 00207
00214 00213
00213 00207
00213 00208
00214 00207
00214 00208
00214 00213
00206 00204
00205 00204
00205 00204
00206 00204
00202 00198
00202 00198
00196 00195
00196 00195
00192 00191
00192 00191
00216 00185
00216 00185
00182 00181
00182 00181
00184 00183
00184 00183
00178 00177
00178 00177
00180 00179
00180 00179
00175 00174
00175 00174
00172 00171
00172 00171
00163 00161
00163 00161
00160 00159
00160 00159
00150 00149
00151 00150
00150 00149
00152 00151
00151 00149
00151 00150
00152 00151
00140 00139
00140 00139
00135 00134
00135 00134
00131 00130
00131 00130
00129 00128
00129 00128
00126 00122
00126 00122
00119 00118
00119 00118
00121 00120
00121 00120
00114 00113
00114 00113
00109 00108
00110 00109
00109 00108
00110 00109
00102 00101
00104 00102
00102 00101
00104 00102
00100 00099
00100 00099
00089 00088
00092 00088
00092 00088
00090 00089
00089 00088
00090 00088
00090 00089
00084 00083
00084 00083
00076 00075
00076 00075
00074 00073
00074 00073
00070 00069
00070 00069
00058 00057
00059 00058
00058 00057
00059 00058
00062 00060
00064 00062
00062 00060
00064 00062
00054 00053
00054 00053
00050 00049
00050 00049
00044 00043
00044 00043
00036 00033
00037 00036
00036 00033
00037 00033
00037 00036
00035 00034
00035 00034
00030 00029
00030 00029
00032 00031
00032 00031
00026 00025
00026 00025
00024 00023
00024 00023
00010 00009
00010 00009
00005 00004
00005 00004
